zipcode,price
98001,261000.0
98002,229950.0
98003,265000.0
98004,1208000.0
98005,761225.0
98006,753000.0
98007,542250.0
98008,550000.0
98010,362500.0
98011,470000.0
98014,410500.0
98019,406250.0
98022,279000.0
98023,268250.0
98024,475000.0
98027,560000.0
98028,448500.0
98029,587500.0
98030,283200.0
98031,289950.0
98032,248000.0
98033,675000.0
98034,447450.0
98038,342000.0
98039,1892500.0
98040,989900.0
98042,292500.0
98045,390000.0
98052,615000.0
98053,634900.0
98055,296725.0
98056,380000.0
98058,332000.0
98059,430000.0
98065,499900.0
98070,467500.0
98072,505000.0
98074,645000.0
98075,737444.0
98077,652475.0
98092,312750.0
98102,745000.0
98103,560000.0
98105,679500.0
98106,312000.0
98107,529975.0
98108,346500.0
98109,736000.0
98112,940000.0
98115,561500.0
98116,568000.0
98117,535610.0
98118,365500.0
98119,750000.0
98122,575000.0
98125,425000.0
98126,394500.0
98133,375000.0
98136,510000.0
98144,475000.0
98146,313500.0
98148,278000.0
98155,377225.0
98166,410000.0
98168,235000.0
98177,532550.0
98178,279000.0
98188,265000.0
98198,266875.0
98199,687500.0
